100
1 2 2.0
3 94 3.0
3 4 7.0
5 72 2.0
5 21 3.0
6 33 2.0
7 16 1.0
7 39 3.0
7 66 1.0
7 72 1.0
8 9 2.0
9 66 2.0
9 84 5.0
10 11 1.0
12 13 1.0
14 59 1.0
15 16 10.0
16 17 3.0
16 99 3.0
18 73 2.0
18 19 3.0
20 96 6.0
22 71 4.0
23 36 1.0
23 90 1.0
24 60 6.0
25 66 1.0
25 26 10.0
25 30 1.0
25 76 6.0
27 79 2.0
28 66 1.0
29 92 1.0
31 32 5.0
33 60 2.0
34 79 2.0
35 36 1.0
36 93 1.0
37 91 2.0
38 94 2.0
40 41 10.0
40 51 3.0
42 43 3.0
44 71 4.0
45 88 8.0
46 47 6.0
47 60 2.0
47 52 2.0
47 80 2.0
48 49 9.0
49 58 3.0
50 62 2.0
52 53 5.0
54 81 1.0
54 86 2.0
55 56 3.0
56 85 1.0
57 97 1.0
58 61 3.0
59 71 1.0
63 66 1.0
63 64 4.0
63 73 2.0
65 66 7.0
66 67 3.0
66 88 1.0
67 68 7.0
68 69 8.0
70 71 4.0
74 75 1.0
77 78 5.0
78 79 1.0
82 83 8.0
83 97 2.0
86 87 4.0
89 90 5.0
95 96 3.0
97 98 3.0