1000
0 3 1.0
0 51 1.0
0 143 1.0
0 151 1.0
0 189 1.0
0 260 1.0
0 315 1.0
0 330 1.0
0 336 1.0
0 397 1.0
0 409 1.0
0 494 1.0
0 496 1.0
0 499 1.0
0 501 1.0
0 521 1.0
0 535 1.0
0 578 1.0
0 584 1.0
0 594 1.0
0 602 1.0
0 625 1.0
0 630 1.0
0 672 1.0
0 702 1.0
0 781 1.0
0 822 1.0
0 873 1.0
0 876 1.0
0 892 1.0
0 966 1.0
0 968 1.0
1 510 1.0
2 248 1.0
4 494 1.0
5 781 1.0
6 994 1.0
6 93 1.0
6 211 1.0
6 571 1.0
6 926 1.0
7 249 1.0
8 505 1.0
9 490 1.0
10 976 1.0
11 968 1.0
12 487 1.0
13 499 1.0
14 243 1.0
15 490 1.0
16 120 1.0
17 998 1.0
18 248 1.0
19 987 1.0
20 505 1.0
21 125 1.0
22 968 1.0
23 227 1.0
24 487 1.0
25 253 1.0
26 508 1.0
27 253 1.0
28 481 1.0
28 126 1.0
28 180 1.0
28 854 1.0
28 993 1.0
29 501 1.0
30 245 1.0
31 987 1.0
32 497 1.0
33 490 1.0
34 495 1.0
35 251 1.0
36 505 1.0
37 921 1.0
38 253 1.0
39 969 1.0
40 962 1.0
41 989 1.0
42 471 1.0
43 970 1.0
44 505 1.0
45 989 1.0
46 251 1.0
47 499 1.0
48 497 1.0
49 239 1.0
50 987 1.0
52 493 1.0
53 496 1.0
54 481 1.0
55 248 1.0
56 488 1.0
56 532 1.0
56 794 1.0
56 915 1.0
57 501 1.0
58 980 1.0
59 972 1.0
60 822 1.0
61 483 1.0
62 243 1.0
63 954 1.0
64 251 1.0
65 497 1.0
66 493 1.0
67 253 1.0
68 125 1.0
69 501 1.0
70 510 1.0
71 249 1.0
72 499 1.0
73 476 1.0
74 995 1.0
75 235 1.0
76 488 1.0
77 495 1.0
78 995 1.0
79 251 1.0
80 249 1.0
81 476 1.0
82 490 1.0
83 120 1.0
84 781 1.0
85 968 1.0
86 493 1.0
87 493 1.0
88 493 1.0
89 505 1.0
90 476 1.0
91 505 1.0
92 998 1.0
94 243 1.0
95 248 1.0
96 490 1.0
97 473 1.0
98 248 1.0
99 239 1.0
100 487 1.0
101 976 1.0
102 822 1.0
103 505 1.0
104 116 1.0
104 149 1.0
105 968 1.0
106 494 1.0
107 253 1.0
108 995 1.0
109 496 1.0
110 490 1.0
111 496 1.0
112 505 1.0
113 496 1.0
114 251 1.0
115 954 1.0
115 472 1.0
116 996 1.0
117 968 1.0
118 969 1.0
119 248 1.0
120 994 1.0
120 241 1.0
120 730 1.0
121 966 1.0
122 494 1.0
123 487 1.0
124 125 1.0
125 249 1.0
125 258 1.0
125 284 1.0
125 295 1.0
125 606 1.0
125 723 1.0
125 744 1.0
125 773 1.0
125 865 1.0
125 919 1.0
125 947 1.0
125 991 1.0
127 962 1.0
128 966 1.0
129 488 1.0
130 913 1.0
131 248 1.0
132 510 1.0
133 248 1.0
134 253 1.0
135 501 1.0
136 480 1.0
137 497 1.0
138 488 1.0
139 490 1.0
140 987 1.0
141 953 1.0
142 495 1.0
144 245 1.0
145 974 1.0
146 245 1.0
147 995 1.0
148 243 1.0
150 781 1.0
152 987 1.0
153 494 1.0
154 248 1.0
155 959 1.0
156 496 1.0
157 497 1.0
158 510 1.0
159 959 1.0
160 981 1.0
161 976 1.0
162 998 1.0
163 987 1.0
164 243 1.0
165 995 1.0
166 954 1.0
167 976 1.0
168 499 1.0
169 987 1.0
170 998 1.0
171 494 1.0
172 989 1.0
173 490 1.0
174 989 1.0
175 248 1.0
176 966 1.0
177 243 1.0
178 968 1.0
179 998 1.0
181 954 1.0
182 981 1.0
183 781 1.0
184 234 1.0
185 239 1.0
186 505 1.0
187 499 1.0
188 501 1.0
190 494 1.0
191 505 1.0
192 822 1.0
193 249 1.0
194 941 1.0
195 488 1.0
196 953 1.0
197 497 1.0
198 251 1.0
199 995 1.0
200 493 1.0
201 497 1.0
202 510 1.0
203 248 1.0
204 968 1.0
205 998 1.0
206 497 1.0
207 976 1.0
208 251 1.0
209 501 1.0
210 239 1.0
212 248 1.0
213 989 1.0
214 781 1.0
215 499 1.0
216 488 1.0
217 998 1.0
218 499 1.0
219 974 1.0
220 980 1.0
221 822 1.0
222 998 1.0
222 861 1.0
223 248 1.0
224 493 1.0
225 781 1.0
226 488 1.0
226 537 1.0
227 968 1.0
227 971 1.0
228 490 1.0
229 499 1.0
230 962 1.0
230 733 1.0
231 987 1.0
231 427 1.0
232 239 1.0
232 261 1.0
232 303 1.0
233 822 1.0
234 480 1.0
234 821 1.0
235 505 1.0
235 468 1.0
236 497 1.0
237 966 1.0
238 473 1.0
239 505 1.0
239 414 1.0
239 559 1.0
239 657 1.0
239 684 1.0
239 735 1.0
239 758 1.0
239 804 1.0
239 810 1.0
239 896 1.0
239 928 1.0
240 959 1.0
240 367 1.0
240 404 1.0
240 503 1.0
240 713 1.0
240 746 1.0
240 887 1.0
242 501 1.0
243 995 1.0
243 302 1.0
243 338 1.0
243 349 1.0
243 422 1.0
243 444 1.0
243 507 1.0
243 575 1.0
243 592 1.0
243 597 1.0
243 740 1.0
243 996 1.0
244 499 1.0
245 253 1.0
245 332 1.0
245 356 1.0
245 382 1.0
245 383 1.0
245 466 1.0
245 492 1.0
245 615 1.0
245 754 1.0
245 776 1.0
245 856 1.0
245 895 1.0
245 924 1.0
246 822 1.0
247 471 1.0
248 499 1.0
248 380 1.0
248 385 1.0
248 395 1.0
248 442 1.0
248 486 1.0
248 519 1.0
248 548 1.0
248 561 1.0
248 612 1.0
248 692 1.0
248 717 1.0
248 814 1.0
248 841 1.0
248 867 1.0
248 874 1.0
248 929 1.0
248 940 1.0
249 987 1.0
249 279 1.0
249 306 1.0
249 329 1.0
249 365 1.0
249 529 1.0
249 553 1.0
249 596 1.0
249 616 1.0
249 633 1.0
249 639 1.0
249 697 1.0
249 767 1.0
249 772 1.0
249 775 1.0
249 833 1.0
249 838 1.0
249 879 1.0
249 905 1.0
249 943 1.0
249 959 1.0
249 981 1.0
249 997 1.0
250 494 1.0
251 510 1.0
251 335 1.0
251 405 1.0
251 493 1.0
251 547 1.0
251 562 1.0
251 620 1.0
251 621 1.0
251 647 1.0
251 649 1.0
251 681 1.0
251 682 1.0
251 700 1.0
251 737 1.0
251 800 1.0
251 857 1.0
251 886 1.0
251 894 1.0
251 944 1.0
251 977 1.0
251 979 1.0
251 984 1.0
252 954 1.0
253 968 1.0
253 280 1.0
253 300 1.0
253 309 1.0
253 318 1.0
253 337 1.0
253 410 1.0
253 415 1.0
253 474 1.0
253 517 1.0
253 518 1.0
253 536 1.0
253 849 1.0
253 863 1.0
253 934 1.0
253 941 1.0
253 952 1.0
254 452 1.0
255 996 1.0
256 995 1.0
257 496 1.0
259 493 1.0
262 781 1.0
263 915 1.0
264 968 1.0
265 494 1.0
266 995 1.0
267 822 1.0
268 781 1.0
269 966 1.0
270 970 1.0
271 496 1.0
272 508 1.0
273 781 1.0
274 822 1.0
275 972 1.0
276 781 1.0
277 987 1.0
278 497 1.0
281 822 1.0
282 487 1.0
283 962 1.0
285 938 1.0
286 954 1.0
287 822 1.0
288 948 1.0
289 468 1.0
290 452 1.0
291 510 1.0
292 995 1.0
293 493 1.0
294 998 1.0
296 487 1.0
297 499 1.0
298 494 1.0
299 471 1.0
301 494 1.0
304 995 1.0
305 490 1.0
307 496 1.0
308 996 1.0
310 925 1.0
311 822 1.0
312 987 1.0
313 476 1.0
314 974 1.0
316 987 1.0
317 507 1.0
319 942 1.0
320 962 1.0
321 494 1.0
322 501 1.0
323 989 1.0
324 969 1.0
325 966 1.0
326 499 1.0
327 968 1.0
328 989 1.0
331 970 1.0
333 781 1.0
334 508 1.0
339 494 1.0
340 969 1.0
341 476 1.0
342 925 1.0
343 499 1.0
344 494 1.0
345 912 1.0
346 509 1.0
347 995 1.0
348 989 1.0
350 962 1.0
351 994 1.0
352 488 1.0
353 959 1.0
354 968 1.0
355 972 1.0
357 497 1.0
358 494 1.0
359 495 1.0
360 987 1.0
361 976 1.0
362 998 1.0
363 822 1.0
364 987 1.0
366 494 1.0
368 995 1.0
369 989 1.0
370 968 1.0
371 496 1.0
372 822 1.0
373 490 1.0
374 992 1.0
375 494 1.0
376 912 1.0
377 987 1.0
378 976 1.0
379 499 1.0
381 950 1.0
384 496 1.0
386 496 1.0
387 974 1.0
388 966 1.0
389 966 1.0
390 781 1.0
391 509 1.0
392 966 1.0
393 490 1.0
394 968 1.0
396 501 1.0
398 970 1.0
399 487 1.0
400 987 1.0
401 487 1.0
402 490 1.0
403 494 1.0
406 921 1.0
407 495 1.0
408 987 1.0
411 510 1.0
412 781 1.0
413 980 1.0
416 490 1.0
417 987 1.0
418 781 1.0
419 493 1.0
420 499 1.0
421 974 1.0
423 987 1.0
424 490 1.0
425 962 1.0
426 992 1.0
428 981 1.0
429 495 1.0
430 987 1.0
431 954 1.0
432 473 1.0
433 968 1.0
434 470 1.0
435 494 1.0
436 987 1.0
437 995 1.0
438 987 1.0
439 959 1.0
440 505 1.0
441 495 1.0
443 994 1.0
445 487 1.0
446 962 1.0
447 493 1.0
448 966 1.0
449 452 1.0
450 490 1.0
451 497 1.0
452 487 1.0
453 822 1.0
454 494 1.0
455 968 1.0
456 507 1.0
456 897 1.0
457 981 1.0
458 906 1.0
459 962 1.0
459 848 1.0
460 968 1.0
461 968 1.0
462 822 1.0
463 505 1.0
464 487 1.0
465 998 1.0
467 509 1.0
468 904 1.0
469 822 1.0
470 508 1.0
471 969 1.0
471 669 1.0
471 901 1.0
473 989 1.0
473 500 1.0
473 538 1.0
473 577 1.0
473 613 1.0
473 622 1.0
473 789 1.0
473 853 1.0
475 476 1.0
476 480 1.0
476 572 1.0
476 829 1.0
476 938 1.0
477 496 1.0
478 897 1.0
479 995 1.0
480 981 1.0
480 569 1.0
480 661 1.0
480 710 1.0
481 976 1.0
481 711 1.0
481 778 1.0
482 510 1.0
483 969 1.0
484 996 1.0
485 488 1.0
487 968 1.0
487 658 1.0
487 757 1.0
487 902 1.0
487 962 1.0
488 998 1.0
488 514 1.0
488 708 1.0
488 719 1.0
488 739 1.0
488 920 1.0
488 950 1.0
489 822 1.0
490 995 1.0
490 509 1.0
490 520 1.0
490 531 1.0
490 579 1.0
490 589 1.0
490 764 1.0
490 792 1.0
490 955 1.0
490 976 1.0
491 496 1.0
493 972 1.0
494 530 1.0
494 631 1.0
494 655 1.0
494 663 1.0
494 687 1.0
494 728 1.0
494 732 1.0
494 801 1.0
494 813 1.0
494 817 1.0
494 847 1.0
494 885 1.0
494 967 1.0
495 510 1.0
495 650 1.0
495 671 1.0
495 788 1.0
495 807 1.0
495 858 1.0
495 939 1.0
495 992 1.0
496 497 1.0
496 510 1.0
496 555 1.0
496 586 1.0
496 609 1.0
496 627 1.0
496 664 1.0
496 706 1.0
496 762 1.0
496 820 1.0
496 878 1.0
496 900 1.0
496 918 1.0
496 998 1.0
497 515 1.0
497 525 1.0
497 607 1.0
497 701 1.0
497 736 1.0
497 785 1.0
497 816 1.0
497 855 1.0
497 888 1.0
497 898 1.0
497 917 1.0
497 949 1.0
497 982 1.0
497 989 1.0
497 999 1.0
498 974 1.0
499 551 1.0
499 653 1.0
499 665 1.0
499 675 1.0
499 678 1.0
499 690 1.0
499 703 1.0
499 707 1.0
499 715 1.0
499 721 1.0
499 725 1.0
499 726 1.0
499 761 1.0
499 831 1.0
499 834 1.0
499 837 1.0
499 890 1.0
499 909 1.0
499 922 1.0
499 923 1.0
499 956 1.0
499 960 1.0
501 570 1.0
501 636 1.0
501 641 1.0
501 748 1.0
501 840 1.0
501 889 1.0
501 891 1.0
501 911 1.0
501 961 1.0
501 975 1.0
501 986 1.0
502 995 1.0
504 981 1.0
505 968 1.0
505 527 1.0
505 540 1.0
505 583 1.0
505 619 1.0
505 634 1.0
505 680 1.0
505 685 1.0
505 763 1.0
505 765 1.0
505 795 1.0
505 797 1.0
505 994 1.0
506 953 1.0
507 603 1.0
507 677 1.0
507 766 1.0
507 925 1.0
507 973 1.0
508 976 1.0
508 591 1.0
508 921 1.0
509 512 1.0
509 568 1.0
509 644 1.0
509 673 1.0
509 698 1.0
509 798 1.0
509 802 1.0
510 534 1.0
510 554 1.0
510 593 1.0
510 632 1.0
510 638 1.0
510 704 1.0
510 845 1.0
510 846 1.0
510 883 1.0
510 937 1.0
510 970 1.0
510 974 1.0
511 972 1.0
513 968 1.0
516 987 1.0
522 778 1.0
523 995 1.0
524 987 1.0
526 822 1.0
528 962 1.0
533 998 1.0
539 822 1.0
541 974 1.0
542 976 1.0
543 781 1.0
544 992 1.0
545 969 1.0
546 968 1.0
549 781 1.0
550 968 1.0
552 822 1.0
556 992 1.0
557 822 1.0
558 781 1.0
560 953 1.0
563 995 1.0
564 981 1.0
565 989 1.0
566 998 1.0
567 981 1.0
573 976 1.0
574 974 1.0
576 981 1.0
580 954 1.0
581 926 1.0
582 966 1.0
585 996 1.0
587 822 1.0
588 966 1.0
590 995 1.0
595 976 1.0
598 921 1.0
599 950 1.0
600 970 1.0
601 931 1.0
604 970 1.0
605 998 1.0
608 959 1.0
610 781 1.0
611 781 1.0
614 996 1.0
617 822 1.0
618 954 1.0
623 976 1.0
624 962 1.0
626 966 1.0
628 781 1.0
629 994 1.0
635 996 1.0
637 966 1.0
640 968 1.0
642 998 1.0
643 781 1.0
645 995 1.0
646 981 1.0
648 987 1.0
651 822 1.0
652 953 1.0
654 976 1.0
656 992 1.0
659 980 1.0
660 987 1.0
662 998 1.0
666 995 1.0
667 998 1.0
668 969 1.0
670 987 1.0
674 995 1.0
676 969 1.0
679 968 1.0
683 995 1.0
686 968 1.0
688 966 1.0
689 987 1.0
691 994 1.0
693 781 1.0
694 953 1.0
695 781 1.0
696 968 1.0
699 998 1.0
705 966 1.0
709 989 1.0
712 998 1.0
714 989 1.0
716 954 1.0
718 970 1.0
720 966 1.0
722 962 1.0
724 996 1.0
727 987 1.0
729 959 1.0
731 822 1.0
734 998 1.0
738 781 1.0
741 970 1.0
742 781 1.0
743 781 1.0
745 987 1.0
747 992 1.0
749 968 1.0
750 974 1.0
751 970 1.0
752 905 1.0
753 998 1.0
755 822 1.0
756 822 1.0
759 781 1.0
760 998 1.0
768 962 1.0
769 980 1.0
770 995 1.0
771 850 1.0
774 995 1.0
777 995 1.0
779 976 1.0
780 925 1.0
781 790 1.0
781 793 1.0
781 805 1.0
781 824 1.0
781 827 1.0
781 844 1.0
781 875 1.0
781 882 1.0
781 930 1.0
781 946 1.0
782 980 1.0
783 976 1.0
784 998 1.0
786 987 1.0
787 968 1.0
791 987 1.0
796 995 1.0
799 998 1.0
803 976 1.0
806 992 1.0
808 981 1.0
809 987 1.0
811 974 1.0
812 897 1.0
815 995 1.0
818 969 1.0
819 976 1.0
822 851 1.0
822 872 1.0
822 880 1.0
822 932 1.0
822 957 1.0
822 963 1.0
822 987 1.0
823 998 1.0
825 953 1.0
826 968 1.0
828 998 1.0
830 867 1.0
832 944 1.0
835 994 1.0
836 981 1.0
839 989 1.0
842 987 1.0
843 974 1.0
850 981 1.0
852 877 1.0
859 966 1.0
860 998 1.0
862 998 1.0
864 995 1.0
866 994 1.0
868 966 1.0
869 948 1.0
870 992 1.0
871 995 1.0
877 981 1.0
881 969 1.0
884 996 1.0
893 995 1.0
899 920 1.0
903 987 1.0
906 970 1.0
907 987 1.0
908 989 1.0
910 996 1.0
912 976 1.0
913 974 1.0
914 995 1.0
916 968 1.0
927 968 1.0
931 948 1.0
933 976 1.0
935 981 1.0
936 962 1.0
942 953 1.0
945 987 1.0
948 976 1.0
951 966 1.0
953 987 1.0
954 959 1.0
954 958 1.0
964 987 1.0
965 981 1.0
966 978 1.0
968 990 1.0
969 987 1.0
974 985 1.0
980 994 1.0
981 983 1.0
981 988 1.0
987 995 1.0