10: 56.0
10: [100000, 99999, 99998, 92827, 24681, 49217, 86633, 23787, 19564, 82822, 24916, 79294, 79095, 35948, 30951, 30952, 30953, 70778, 10]
----
20: 105.0
20: [100000, 99999, 99998, 5098, 15254, 23575, 7300, 96904, 96903, 97269, 60810, 60811, 60812, 89262, 41578, 12, 13, 14, 15, 16, 17, 18, 19, 20]
----
30: 46.0
30: [100000, 99999, 99998, 5098, 15254, 23575, 7300, 94647, 59430, 48919, 31, 30]
----
40: 79.0
40: [100000, 99999, 99998, 92827, 24681, 49217, 86633, 23787, 19564, 72304, 78297, 7874, 74107, 35, 36, 37, 38, 39, 40]
----
50: 44.0
50: [100000, 99999, 99998, 92827, 24681, 49217, 21224, 14174, 99060, 72224, 50]
----
